10 12
1.0000000000 0.0000000000
0.8660254038 0.2500000000
0.5000000000 0.4330127019
0.0000000000 0.5000000000
-0.5000000000 0.4330127019
-0.8660254038 0.2500000000
-1.0000000000 0.0000000000
-0.8660254038 -0.2500000000
-0.5000000000 -0.4330127019
-0.0000000000 -0.5000000000
0.5000000000 -0.4330127019
0.8660254038 -0.2500000000
1.4444444444 0.0000000000
1.2509255832 0.5000000000
0.7222222222 0.8660254038
0.0000000000 1.0000000000
-0.7222222222 0.8660254038
-1.2509255832 0.5000000000
-1.4444444444 0.0000000000
-1.2509255832 -0.5000000000
-0.7222222222 -0.8660254038
-0.0000000000 -1.0000000000
0.7222222222 -0.8660254038
1.2509255832 -0.5000000000
1.8888888889 0.0000000000
1.6358257627 0.7500000000
0.9444444444 1.2990381057
0.0000000000 1.5000000000
-0.9444444444 1.2990381057
-1.6358257627 0.7500000000
-1.8888888889 0.0000000000
-1.6358257627 -0.7500000000
-0.9444444444 -1.2990381057
-0.0000000000 -1.5000000000
0.9444444444 -1.2990381057
1.6358257627 -0.7500000000
2.3333333333 0.0000000000
2.0207259422 1.0000000000
1.1666666667 1.7320508076
0.0000000000 2.0000000000
-1.1666666667 1.7320508076
-2.0207259422 1.0000000000
-2.3333333333 0.0000000000
-2.0207259422 -1.0000000000
-1.1666666667 -1.7320508076
-0.0000000000 -2.0000000000
1.1666666667 -1.7320508076
2.0207259422 -1.0000000000
2.7777777778 0.0000000000
2.4056261216 1.2500000000
1.3888888889 2.1650635095
0.0000000000 2.5000000000
-1.3888888889 2.1650635095
-2.4056261216 1.2500000000
-2.7777777778 0.0000000000
-2.4056261216 -1.2500000000
-1.3888888889 -2.1650635095
-0.0000000000 -2.5000000000
1.3888888889 -2.1650635095
2.4056261216 -1.2500000000
3.2222222222 0.0000000000
2.7905263011 1.5000000000
1.6111111111 2.5980762114
0.0000000000 3.0000000000
-1.6111111111 2.5980762114
-2.7905263011 1.5000000000
-3.2222222222 0.0000000000
-2.7905263011 -1.5000000000
-1.6111111111 -2.5980762114
-0.0000000000 -3.0000000000
1.6111111111 -2.5980762114
2.7905263011 -1.5000000000
3.6666666667 0.0000000000
3.1754264805 1.7500000000
1.8333333333 3.0310889132
0.0000000000 3.5000000000
-1.8333333333 3.0310889132
-3.1754264805 1.7500000000
-3.6666666667 0.0000000000
-3.1754264805 -1.7500000000
-1.8333333333 -3.0310889132
-0.0000000000 -3.5000000000
1.8333333333 -3.0310889132
3.1754264805 -1.7500000000
4.1111111111 0.0000000000
3.5603266600 2.0000000000
2.0555555556 3.4641016151
0.0000000000 4.0000000000
-2.0555555556 3.4641016151
-3.5603266600 2.0000000000
-4.1111111111 0.0000000000
-3.5603266600 -2.0000000000
-2.0555555556 -3.4641016151
-0.0000000000 -4.0000000000
2.0555555556 -3.4641016151
3.5603266600 -2.0000000000
4.5555555556 0.0000000000
3.9452268395 2.2500000000
2.2777777778 3.8971143170
0.0000000000 4.5000000000
-2.2777777778 3.8971143170
-3.9452268395 2.2500000000
-4.5555555556 0.0000000000
-3.9452268395 -2.2500000000
-2.2777777778 -3.8971143170
-0.0000000000 -4.5000000000
2.2777777778 -3.8971143170
3.9452268395 -2.2500000000
5.0000000000 0.0000000000
4.3301270189 2.5000000000
2.5000000000 4.3301270189
0.0000000000 5.0000000000
-2.5000000000 4.3301270189
-4.3301270189 2.5000000000
-5.0000000000 0.0000000000
-4.3301270189 -2.5000000000
-2.5000000000 -4.3301270189
-0.0000000000 -5.0000000000
2.5000000000 -4.3301270189
4.3301270189 -2.5000000000
