17 40
1.0000000000 0.0000000000
0.9876883406 0.0782172325
0.9510565163 0.1545084972
0.8910065242 0.2269952499
0.8090169944 0.2938926261
0.7071067812 0.3535533906
0.5877852523 0.4045084972
0.4539904997 0.4455032621
0.3090169944 0.4755282581
0.1564344650 0.4938441703
0.0000000000 0.5000000000
-0.1564344650 0.4938441703
-0.3090169944 0.4755282581
-0.4539904997 0.4455032621
-0.5877852523 0.4045084972
-0.7071067812 0.3535533906
-0.8090169944 0.2938926261
-0.8910065242 0.2269952499
-0.9510565163 0.1545084972
-0.9876883406 0.0782172325
-1.0000000000 0.0000000000
-0.9876883406 -0.0782172325
-0.9510565163 -0.1545084972
-0.8910065242 -0.2269952499
-0.8090169944 -0.2938926261
-0.7071067812 -0.3535533906
-0.5877852523 -0.4045084972
-0.4539904997 -0.4455032621
-0.3090169944 -0.4755282581
-0.1564344650 -0.4938441703
-0.0000000000 -0.5000000000
0.1564344650 -0.4938441703
0.3090169944 -0.4755282581
0.4539904997 -0.4455032621
0.5877852523 -0.4045084972
0.7071067812 -0.3535533906
0.8090169944 -0.2938926261
0.8910065242 -0.2269952499
0.9510565163 -0.1545084972
0.9876883406 -0.0782172325
1.0935600721 0.0000000000
1.0800965330 0.0946827548
1.0400374326 0.1870341060
0.9743691589 0.2747800568
0.8847086827 0.3557600106
0.7732637426 0.4279799722
0.6427784829 0.4896616466
0.4964658836 0.5392862261
0.3379286467 0.5756317889
0.1710704849 0.5978033867
0.0000000000 0.6052550811
-0.1710704849 0.5978033867
-0.3379286467 0.5756317889
-0.4964658836 0.5392862261
-0.6427784829 0.4896616466
-0.7732637426 0.4279799722
-0.8847086827 0.3557600106
-0.9743691589 0.2747800568
-1.0400374326 0.1870341060
-1.0800965330 0.0946827548
-1.0935600721 0.0000000000
-1.0800965330 -0.0946827548
-1.0400374326 -0.1870341060
-0.9743691589 -0.2747800568
-0.8847086827 -0.3557600106
-0.7732637426 -0.4279799722
-0.6427784829 -0.4896616466
-0.4964658836 -0.5392862261
-0.3379286467 -0.5756317889
-0.1710704849 -0.5978033867
-0.0000000000 -0.6052550811
0.1710704849 -0.5978033867
0.3379286467 -0.5756317889
0.4964658836 -0.5392862261
0.6427784829 -0.4896616466
0.7732637426 -0.4279799722
0.8847086827 -0.3557600106
0.9743691589 -0.2747800568
1.0400374326 -0.1870341060
1.0800965330 -0.0946827548
1.1983473529 0.0000000000
1.1835937085 0.1131241398
1.1396960588 0.2234627879
1.0677353097 0.3282990405
0.9694833737 0.4250514811
0.8473595395 0.5113377437
0.7043709012 0.5850331739
0.5440383136 0.6443231458
0.3703096972 0.6877477434
0.1874628271 0.7142377092
0.0000000000 0.7231407720
-0.1874628271 0.7142377092
-0.3703096972 0.6877477434
-0.5440383136 0.6443231458
-0.7043709012 0.5850331739
-0.8473595395 0.5113377437
-0.9694833737 0.4250514811
-1.0677353097 0.3282990405
-1.1396960588 0.2234627879
-1.1835937085 0.1131241398
-1.1983473529 0.0000000000
-1.1835937085 -0.1131241398
-1.1396960588 -0.2234627879
-1.0677353097 -0.3282990405
-0.9694833737 -0.4250514811
-0.8473595395 -0.5113377437
-0.7043709012 -0.5850331739
-0.5440383136 -0.6443231458
-0.3703096972 -0.6877477434
-0.1874628271 -0.7142377092
-0.0000000000 -0.7231407720
0.1874628271 -0.7142377092
0.3703096972 -0.6877477434
0.5440383136 -0.6443231458
0.7043709012 -0.5850331739
0.8473595395 -0.5113377437
0.9694833737 -0.4250514811
1.0677353097 -0.3282990405
1.1396960588 -0.2234627879
1.1835937085 -0.1131241398
1.3157091074 0.0000000000
1.2995105450 0.1337784910
1.2513137201 0.2642629116
1.1723053986 0.3882403022
1.0644310275 0.5026579282
0.9303468319 0.6046984477
0.7733544096 0.6918492845
0.5973194352 0.7619644958
0.4065764738 0.8133176125
0.2058222504 0.8446441503
0.0000000000 0.8551727458
-0.2058222504 0.8446441503
-0.4065764738 0.8133176125
-0.5973194352 0.7619644958
-0.7733544096 0.6918492845
-0.9303468319 0.6046984477
-1.0644310275 0.5026579282
-1.1723053986 0.3882403022
-1.2513137201 0.2642629116
-1.2995105450 0.1337784910
-1.3157091074 0.0000000000
-1.2995105450 -0.1337784910
-1.2513137201 -0.2642629116
-1.1723053986 -0.3882403022
-1.0644310275 -0.5026579282
-0.9303468319 -0.6046984477
-0.7733544096 -0.6918492845
-0.5973194352 -0.7619644958
-0.4065764738 -0.8133176125
-0.2058222504 -0.8446441503
-0.0000000000 -0.8551727458
0.2058222504 -0.8446441503
0.4065764738 -0.8133176125
0.5973194352 -0.7619644958
0.7733544096 -0.6918492845
0.9303468319 -0.6046984477
1.0644310275 -0.5026579282
1.1723053986 -0.3882403022
1.2513137201 -0.2642629116
1.2995105450 -0.1337784910
1.4471542724 0.0000000000
1.4293374019 0.1569113643
1.3763255009 0.3099590501
1.2894238982 0.4553745154
1.1707723999 0.5895771488
1.0232925995 0.7092624361
0.8506159391 0.8114833284
0.6569942913 0.8937228079
0.4471952637 0.9539558658
0.2263848044 0.9906993643
0.0000000000 1.0030485565
-0.2263848044 0.9906993643
-0.4471952637 0.9539558658
-0.6569942913 0.8937228079
-0.8506159391 0.8114833284
-1.0232925995 0.7092624361
-1.1707723999 0.5895771488
-1.2894238982 0.4553745154
-1.3763255009 0.3099590501
-1.4293374019 0.1569113643
-1.4471542724 0.0000000000
-1.4293374019 -0.1569113643
-1.3763255009 -0.3099590501
-1.2894238982 -0.4553745154
-1.1707723999 -0.5895771488
-1.0232925995 -0.7092624361
-0.8506159391 -0.8114833284
-0.6569942913 -0.8937228079
-0.4471952637 -0.9539558658
-0.2263848044 -0.9906993643
-0.0000000000 -1.0030485565
0.2263848044 -0.9906993643
0.4471952637 -0.9539558658
0.6569942913 -0.8937228079
0.8506159391 -0.8114833284
1.0232925995 -0.7092624361
1.1707723999 -0.5895771488
1.2894238982 -0.4553745154
1.3763255009 -0.3099590501
1.4293374019 -0.1569113643
1.5943728573 0.0000000000
1.5747434817 0.1828201825
1.5163386953 0.3611387253
1.4205966178 0.5305648342
1.2898747369 0.6869266760
1.1273918591 0.8263741032
0.9371488521 0.9454734575
0.7238301302 1.0412921174
0.4926883083 1.1114707095
0.2494148650 1.1542812040
0.0000000000 1.1686694644
-0.2494148650 1.1542812040
-0.4926883083 1.1114707095
-0.7238301302 1.0412921174
-0.9371488521 0.9454734575
-1.1273918591 0.8263741032
-1.2898747369 0.6869266760
-1.4205966178 0.5305648342
-1.5163386953 0.3611387253
-1.5747434817 0.1828201825
-1.5943728573 0.0000000000
-1.5747434817 -0.1828201825
-1.5163386953 -0.3611387253
-1.4205966178 -0.5305648342
-1.2898747369 -0.6869266760
-1.1273918591 -0.8263741032
-0.9371488521 -0.9454734575
-0.7238301302 -1.0412921174
-0.4926883083 -1.1114707095
-0.2494148650 -1.1542812040
-0.0000000000 -1.1686694644
0.2494148650 -1.1542812040
0.4926883083 -1.1114707095
0.7238301302 -1.0412921174
0.9371488521 -0.9454734575
1.1273918591 -0.8263741032
1.2898747369 -0.6869266760
1.4205966178 -0.5305648342
1.5163386953 -0.3611387253
1.5747434817 -0.1828201825
1.7592576723 0.0000000000
1.7375982910 0.2118380588
1.6731534730 0.4184599615
1.5675100637 0.6147779912
1.4232693543 0.7959581464
1.2439830299 0.9575391704
1.0340657147 1.0955424021
0.7986862698 1.2065697441
0.5436405182 1.2878873345
0.2752085328 1.3374928645
0.0000000000 1.3541648813
-0.2752085328 1.3374928645
-0.5436405182 1.2878873345
-0.7986862698 1.2065697441
-1.0340657147 1.0955424021
-1.2439830299 0.9575391704
-1.4232693543 0.7959581464
-1.5675100637 0.6147779912
-1.6731534730 0.4184599615
-1.7375982910 0.2118380588
-1.7592576723 0.0000000000
-1.7375982910 -0.2118380588
-1.6731534730 -0.4184599615
-1.5675100637 -0.6147779912
-1.4232693543 -0.7959581464
-1.2439830299 -0.9575391704
-1.0340657147 -1.0955424021
-0.7986862698 -1.2065697441
-0.5436405182 -1.2878873345
-0.2752085328 -1.3374928645
-0.0000000000 -1.3541648813
0.2752085328 -1.3374928645
0.5436405182 -1.2878873345
0.7986862698 -1.2065697441
1.0340657147 -1.0955424021
1.2439830299 -0.9575391704
1.4232693543 -0.7959581464
1.5675100637 -0.6147779912
1.6731534730 -0.4184599615
1.7375982910 -0.2118380588
1.9439286651 0.0000000000
1.9199956774 0.2443380802
1.8487860241 0.4826597460
1.7320531231 0.7090967270
1.5726713259 0.9180733933
1.3745651412 1.1044440456
1.1426126008 1.2636196201
0.8825251461 1.3916806859
0.6007069934 1.4854739544
0.3040974408 1.5426899242
0.0000000000 1.5619197482
-0.3040974408 1.5426899242
-0.6007069934 1.4854739544
-0.8825251461 1.3916806859
-1.1426126008 1.2636196201
-1.3745651412 1.1044440456
-1.5726713259 0.9180733933
-1.7320531231 0.7090967270
-1.8487860241 0.4826597460
-1.9199956774 0.2443380802
-1.9439286651 0.0000000000
-1.9199956774 -0.2443380802
-1.8487860241 -0.4826597460
-1.7320531231 -0.7090967270
-1.5726713259 -0.9180733933
-1.3745651412 -1.1044440456
-1.1426126008 -1.2636196201
-0.8825251461 -1.3916806859
-0.6007069934 -1.4854739544
-0.3040974408 -1.5426899242
-0.0000000000 -1.5619197482
0.3040974408 -1.5426899242
0.6007069934 -1.4854739544
0.8825251461 -1.3916806859
1.1426126008 -1.2636196201
1.3745651412 -1.1044440456
1.5726713259 -0.9180733933
1.7320531231 -0.7090967270
1.8487860241 -0.4826597460
1.9199956774 -0.2443380802
2.1507601770 0.0000000000
2.1242807502 0.2807381043
2.0454944813 0.5545635047
1.9163413497 0.8147337112
1.7400015340 1.0548424697
1.5208171059 1.2689775059
1.2641851133 1.4518661043
0.9764246876 1.5990049408
0.6646214455 1.7067709688
0.3364530177 1.7725106311
0.0000000000 1.7946051991
-0.3364530177 1.7725106311
-0.6646214455 1.7067709688
-0.9764246876 1.5990049408
-1.2641851133 1.4518661043
-1.5208171059 1.2689775059
-1.7400015340 1.0548424697
-1.9163413497 0.8147337112
-2.0454944813 0.5545635047
-2.1242807502 0.2807381043
-2.1507601770 0.0000000000
-2.1242807502 -0.2807381043
-2.0454944813 -0.5545635047
-1.9163413497 -0.8147337112
-1.7400015340 -1.0548424697
-1.5208171059 -1.2689775059
-1.2641851133 -1.4518661043
-0.9764246876 -1.5990049408
-0.6646214455 -1.7067709688
-0.3364530177 -1.7725106311
-0.0000000000 -1.7946051991
0.3364530177 -1.7725106311
0.6646214455 -1.7067709688
0.9764246876 -1.5990049408
1.2641851133 -1.4518661043
1.5208171059 -1.2689775059
1.7400015340 -1.0548424697
1.9163413497 -0.8147337112
2.0454944813 -0.5545635047
2.1242807502 -0.2807381043
2.3824114704 0.0000000000
2.3530800318 0.3215061312
2.2658079534 0.6350957144
2.1227441634 0.9330471334
1.9274113671 1.2080238354
1.6846193063 1.4532549813
1.4003463272 1.6627021665
1.0815921740 1.8312081062
0.7362056319 1.9546236249
0.3726912639 2.0299098229
0.0000000000 2.0552129042
-0.3726912639 2.0299098229
-0.7362056319 1.9546236249
-1.0815921740 1.8312081062
-1.4003463272 1.6627021665
-1.6846193063 1.4532549813
-1.9274113671 1.2080238354
-2.1227441634 0.9330471334
-2.2658079534 0.6350957144
-2.3530800318 0.3215061312
-2.3824114704 0.0000000000
-2.3530800318 -0.3215061312
-2.2658079534 -0.6350957144
-2.1227441634 -0.9330471334
-1.9274113671 -1.2080238354
-1.6846193063 -1.4532549813
-1.4003463272 -1.6627021665
-1.0815921740 -1.8312081062
-0.7362056319 -1.9546236249
-0.3726912639 -2.0299098229
-0.0000000000 -2.0552129042
0.3726912639 -2.0299098229
0.7362056319 -1.9546236249
1.0815921740 -1.8312081062
1.4003463272 -1.6627021665
1.6846193063 -1.4532549813
1.9274113671 -1.2080238354
2.1227441634 -0.9330471334
2.2658079534 -0.6350957144
2.3530800318 -0.3215061312
2.6418609190 0.0000000000
2.6093352271 0.3671663214
2.5125590421 0.7252917893
2.3539153148 1.0655581664
2.1373103802 1.3795869649
1.8680777707 1.6596457538
1.5528468868 1.8988385562
1.1993797588 2.0912756515
0.8163799207 2.2322185997
0.4132780996 2.3181969176
0.0000000000 2.3470935338
-0.4132780996 2.3181969176
-0.8163799207 2.2322185997
-1.1993797588 2.0912756515
-1.5528468868 1.8988385562
-1.8680777707 1.6596457538
-2.1373103802 1.3795869649
-2.3539153148 1.0655581664
-2.5125590421 0.7252917893
-2.6093352271 0.3671663214
-2.6418609190 0.0000000000
-2.6093352271 -0.3671663214
-2.5125590421 -0.7252917893
-2.3539153148 -1.0655581664
-2.1373103802 -1.3795869649
-1.8680777707 -1.6596457538
-1.5528468868 -1.8988385562
-1.1993797588 -2.0912756515
-0.8163799207 -2.2322185997
-0.4132780996 -2.3181969176
-0.0000000000 -2.3470935338
0.4132780996 -2.3181969176
0.8163799207 -2.2322185997
1.1993797588 -2.0912756515
1.5528468868 -1.8988385562
1.8680777707 -1.6596457538
2.1373103802 -1.3795869649
2.3539153148 -1.0655581664
2.5125590421 -0.7252917893
2.6093352271 -0.3671663214
2.9324443014 0.0000000000
2.8963410459 0.4183057343
2.7889202615 0.8263113932
2.6128270043 1.2139705232
2.3723972749 1.5717376700
2.0735512509 1.8908034191
1.7236475135 2.1633113127
1.3313018538 2.3825513023
0.9061751242 2.5431249715
0.4587353555 2.6410784638
0.0000000000 2.6739998390
-0.4587353555 2.6410784638
-0.9061751242 2.5431249715
-1.3313018538 2.3825513023
-1.7236475135 2.1633113127
-2.0735512509 1.8908034191
-2.3723972749 1.5717376700
-2.6128270043 1.2139705232
-2.7889202615 0.8263113932
-2.8963410459 0.4183057343
-2.9324443014 0.0000000000
-2.8963410459 -0.4183057343
-2.7889202615 -0.8263113932
-2.6128270043 -1.2139705232
-2.3723972749 -1.5717376700
-2.0735512509 -1.8908034191
-1.7236475135 -2.1633113127
-1.3313018538 -2.3825513023
-0.9061751242 -2.5431249715
-0.4587353555 -2.6410784638
-0.0000000000 -2.6739998390
0.4587353555 -2.6410784638
0.9061751242 -2.5431249715
1.3313018538 -2.3825513023
1.7236475135 -2.1633113127
2.0735512509 -1.8908034191
2.3723972749 -1.5717376700
2.6128270043 -1.2139705232
2.7889202615 -0.8263113932
2.8963410459 -0.4183057343
3.2578976897 0.0000000000
3.2177875629 0.4755818769
3.0984448272 0.9394533496
2.9028080966 1.3801923629
2.6356945969 1.7869464597
2.3036815488 2.1497000041
1.9149442155 2.4595208000
1.4790546002 2.7087800311
1.0067457520 2.8913401079
0.5096474822 3.0027057954
0.0000000000 3.0401349009
-0.5096474822 3.0027057954
-1.0067457520 2.8913401079
-1.4790546002 2.7087800311
-1.9149442155 2.4595208000
-2.3036815488 2.1497000041
-2.6356945969 1.7869464597
-2.9028080966 1.3801923629
-3.0984448272 0.9394533496
-3.2177875629 0.4755818769
-3.2578976897 0.0000000000
-3.2177875629 -0.4755818769
-3.0984448272 -0.9394533496
-2.9028080966 -1.3801923629
-2.6356945969 -1.7869464597
-2.3036815488 -2.1497000041
-1.9149442155 -2.4595208000
-1.4790546002 -2.7087800311
-1.0067457520 -2.8913401079
-0.5096474822 -3.0027057954
-0.0000000000 -3.0401349009
0.5096474822 -3.0027057954
1.0067457520 -2.8913401079
1.4790546002 -2.7087800311
1.9149442155 -2.4595208000
2.3036815488 -2.1497000041
2.6356945969 -1.7869464597
2.9028080966 -1.3801923629
3.0984448272 -0.9394533496
3.2177875629 -0.4755818769
3.6224054845 0.0000000000
3.5778076620 0.5397311565
3.4451123407 1.0661723407
3.2275869200 1.5663608234
2.9305875975 2.0279803042
2.5614274823 2.4396641794
2.1291965216 2.7912754257
1.6445376762 3.0741562074
1.1193848552 3.2813410607
0.5666690641 3.4077284069
0.0000000000 3.4502061701
-0.5666690641 3.4077284069
-1.1193848552 3.2813410607
-1.6445376762 3.0741562074
-2.1291965216 2.7912754257
-2.5614274823 2.4396641794
-2.9305875975 2.0279803042
-3.2275869200 1.5663608234
-3.4451123407 1.0661723407
-3.5778076620 0.5397311565
-3.6224054845 0.0000000000
-3.5778076620 -0.5397311565
-3.4451123407 -1.0661723407
-3.2275869200 -1.5663608234
-2.9305875975 -2.0279803042
-2.5614274823 -2.4396641794
-2.1291965216 -2.7912754257
-1.6445376762 -3.0741562074
-1.1193848552 -3.2813410607
-0.5666690641 -3.4077284069
-0.0000000000 -3.4502061701
0.5666690641 -3.4077284069
1.1193848552 -3.2813410607
1.6445376762 -3.0741562074
2.1291965216 -2.7912754257
2.5614274823 -2.4396641794
2.9305875975 -2.0279803042
3.2275869200 -1.5663608234
3.4451123407 -1.0661723407
3.5778076620 -0.5397311565
4.0306542148 0.0000000000
3.9810301730 0.6115783497
3.8333799559 1.2080976107
3.5913392022 1.7748694991
3.2608677582 2.2979382100
2.8501029279 2.7644240557
2.3691591046 3.1628406065
1.8298787213 3.4833775248
1.2455406508 3.7181421278
0.6305332359 3.8613537317
0.0000000000 3.9094859917
-0.6305332359 3.8613537317
-1.2455406508 3.7181421278
-1.8298787213 3.4833775248
-2.3691591046 3.1628406065
-2.8501029279 2.7644240557
-3.2608677582 2.2979382100
-3.5913392022 1.7748694991
-3.8333799559 1.2080976107
-3.9810301730 0.6115783497
-4.0306542148 0.0000000000
-3.9810301730 -0.6115783497
-3.8333799559 -1.2080976107
-3.5913392022 -1.7748694991
-3.2608677582 -2.2979382100
-2.8501029279 -2.7644240557
-2.3691591046 -3.1628406065
-1.8298787213 -3.4833775248
-1.2455406508 -3.7181421278
-0.6305332359 -3.8613537317
-0.0000000000 -3.9094859917
0.6305332359 -3.8613537317
1.2455406508 -3.7181421278
1.8298787213 -3.4833775248
2.3691591046 -3.1628406065
2.8501029279 -2.7644240557
3.2608677582 -2.2979382100
3.5913392022 -1.7748694991
3.8333799559 -1.2080976107
3.9810301730 -0.6115783497
4.4878927927 0.0000000000
4.4326393852 0.6920472061
4.2682396850 1.3670539131
3.9987417582 2.0083992159
3.6307815383 2.6002910644
3.1734194270 3.1281551171
2.6379171974 3.5789936091
2.0374606918 3.9417054003
1.3868351419 4.2073593229
0.7020611082 4.3694140955
0.0000000000 4.4238793918
-0.7020611082 4.3694140955
-1.3868351419 4.2073593229
-2.0374606918 3.9417054003
-2.6379171974 3.5789936091
-3.1734194270 3.1281551171
-3.6307815383 2.6002910644
-3.9987417582 2.0083992159
-4.2682396850 1.3670539131
-4.4326393852 0.6920472061
-4.4878927927 0.0000000000
-4.4326393852 -0.6920472061
-4.2682396850 -1.3670539131
-3.9987417582 -2.0083992159
-3.6307815383 -2.6002910644
-3.1734194270 -3.1281551171
-2.6379171974 -3.5789936091
-2.0374606918 -3.9417054003
-1.3868351419 -4.2073593229
-0.7020611082 -4.3694140955
-0.0000000000 -4.4238793918
0.7020611082 -4.3694140955
1.3868351419 -4.2073593229
2.0374606918 -3.9417054003
2.6379171974 -3.5789936091
3.1734194270 -3.1281551171
3.6307815383 -2.6002910644
3.9987417582 -2.0083992159
4.2682396850 -1.3670539131
4.4326393852 -0.6920472061
5.0000000000 0.0000000000
4.9384417030 0.7821723252
4.7552825815 1.5450849719
4.4550326209 2.2699524987
4.0450849719 2.9389262615
3.5355339059 3.5355339059
2.9389262615 4.0450849719
2.2699524987 4.4550326209
1.5450849719 4.7552825815
0.7821723252 4.9384417030
0.0000000000 5.0000000000
-0.7821723252 4.9384417030
-1.5450849719 4.7552825815
-2.2699524987 4.4550326209
-2.9389262615 4.0450849719
-3.5355339059 3.5355339059
-4.0450849719 2.9389262615
-4.4550326209 2.2699524987
-4.7552825815 1.5450849719
-4.9384417030 0.7821723252
-5.0000000000 0.0000000000
-4.9384417030 -0.7821723252
-4.7552825815 -1.5450849719
-4.4550326209 -2.2699524987
-4.0450849719 -2.9389262615
-3.5355339059 -3.5355339059
-2.9389262615 -4.0450849719
-2.2699524987 -4.4550326209
-1.5450849719 -4.7552825815
-0.7821723252 -4.9384417030
-0.0000000000 -5.0000000000
0.7821723252 -4.9384417030
1.5450849719 -4.7552825815
2.2699524987 -4.4550326209
2.9389262615 -4.0450849719
3.5355339059 -3.5355339059
4.0450849719 -2.9389262615
4.4550326209 -2.2699524987
4.7552825815 -1.5450849719
4.9384417030 -0.7821723252
